1.0000 0.8530 0.8636 0.1771 0.2546 0.1262 0.2162 0.0488 0.2061 0.1165
0.8530 1.0000 0.2819 0.4287 0.3330 0.3598 0.8237 0.7063 0.9565 0.4772
0.8636 0.2819 1.0000 0.0429 0.8887 0.0297 0.5160 0.7141 0.7820 0.9492
0.1771 0.4287 0.0429 1.0000 0.4003 0.0611 0.7951 0.2877 0.2106 0.5884
0.2546 0.3330 0.8887 0.4003 1.0000 0.9987 0.0640 0.5897 0.8763 0.6273
0.1262 0.3598 0.0297 0.0611 0.9987 1.0000 0.9034 0.9996 0.2579 0.2076
0.2162 0.8237 0.5160 0.7951 0.0640 0.9034 1.0000 0.3385 0.2499 0.6091
0.0488 0.7063 0.7141 0.2877 0.5897 0.9996 0.3385 1.0000 0.4253 0.8842
0.2061 0.9565 0.7820 0.2106 0.8763 0.2579 0.2499 0.4253 1.0000 0.0953
0.1165 0.4772 0.9492 0.5884 0.6273 0.2076 0.6091 0.8842 0.0953 1.0000
